Type,Name,Request Count,Failure Count,Median Response Time,Average Response Time,Min Response Time,Max Response Time,Average Content Size,Requests/s,Failures/s,50%,66%,75%,80%,90%,95%,98%,99%,99.9%,99.99%,100%
GET,/,854,0,2,2.5127678945310525,0.9813329961616546,49.30438700102968,8688.0,29.40732289655088,0.0,2,2,2,2,3,4,7,44,49,49,49
GET,/basket.html,852,0,2,2.4671786971471685,0.9927740029525012,50.08949000330176,23020.0,29.338453287893852,0.0,2,2,2,2,3,4,6,45,50,50,50
DELETE,/cart,852,0,4,4.111166106650872,2.1104550032760017,16.7806810059119,0.0,29.338453287893852,0.0,4,4,5,5,6,7,9,10,17,17,17
POST,/cart,852,5,7,8.476897159403372,4.132622001634445,132.32838800468016,0.3755868544600939,29.338453287893852,0.17217402164256956,7,8,9,10,11,13,15,24,130,130,130
GET,/category.html,852,0,2,2.7592418074407403,0.998053998046089,49.7648200034746,11518.0,29.338453287893852,0.0,2,2,2,3,3,5,7,44,50,50,50
GET,/detail.html?id=a0a4f044-b040-410d-8ead-4de0446aec7e,852,0,2,2.4510910129229244,0.9420879941899329,48.040910995041486,10364.0,29.338453287893852,0.0,2,2,2,2,3,4,7,42,48,48,48
GET,/login,853,0,50,50.8974637339235,44.64246199495392,243.9034580020234,13.0,29.372888092222365,0.0,50,51,53,54,55,56,58,60,240,240,240
POST,/orders,850,1,58,59.684237677574856,50.14806600229349,479.47164499782957,651.4505882352942,29.269583679236824,0.03443480432851391,58,60,61,62,64,66,69,71,480,480,480
,Aggregated,6817,6,3,16.658253203535622,0.9420879941899329,479.47164499782957,6783.218131142731,234.74206110747932,0.20660882597108346,3,7,46,50,55,60,63,65,130,480,480
