475
479
71
75
65
75
67
69
67
63
63
63
68
71
59
64
70
72
64
60
63
64
67
69
63
64
60
61
64
67
62
62
58
65
60
62
62
63
59
61
59
58
63
64
60
62
59
63
65
57
60
57
61
65
54
58
64
53
65
62
65
63
65
64
63
64
65
57
60
63
62
59
63
65
66
59
61
64
68
62
60
58
60
62
66
63
68
61
61
68
67
60
61
56
60
56
63
54
60
64
65
63
64
61
61
59
59
56
63
58
58
64
63
58
65
60
60
61
55
56
59
61
63
60
61
57
57
64
64
61
61
64
65
55
62
61
57
61
61
55
60
55
57
60
58
59
58
61
62
61
58
58
59
58
60
58
63
63
56
64
56
58
59
67
68
60
68
59
63
60
60
59
61
59
60
69
61
71
64
57
62
60
56
64
64
66
55
58
61
60
54
59
62
61
64
65
60
61
66
54
59
59
55
56
59
60
56
59
59
62
56
60
60
57
58
55
58
63
62
59
61
63
59
59
62
58
54
57
57
57
62
61
62
60
54
62
62
60
57
57
61
65
62
59
57
60
60
59
54
53
54
53
53
60
62
61
60
61
60
61
57
58
63
56
60
63
55
59
62
59
56
55
53
55
56
57
56
59
60
58
53
55
64
54
58
59
61
53
59
63
65
60
58
61
56
56
55
57
59
57
55
64
71
60
56
56
54
56
52
59
59
56
53
54
55
57
53
55
56
57
54
64
53
60
57
55
56
56
53
55
59
53
57
58
58
55
59
57
53
59
60
55
60
62
55
61
64
66
53
55
62
56
59
54
56
52
53
58
60
64
57
55
58
52
62
57
67
66
62
65
59
58
62
53
55
62
56
57
58
55
58
54
58
56
58
56
58
61
65
56
60
58
57
60
59
53
53
52
58
54
56
60
58
62
50
66
65
66
53
55
61
56
57
57
56
57
55
63
57
58
55
61
55
57
51
53
60
62
54
53
57
58
53
52
55
54
51
59
63
61
64
54
59
58
51
57
52
52
61
62
60
58
60
61
59
61
54
51
67
67
53
58
55
56
59
60
57
58
57
57
60
62
54
53
57
57
56
53
66
53
67
54
53
52
58
55
56
64
51
57
55
52
51
53
52
52
51
51
53
52
57
51
60
53
59
56
54
58
54
56
55
58
52
54
61
58
59
62
61
53
51
51
62
64
56
53
59
58
55
55
56
57
52
59
60
60
62
56
57
59
53
51
53
66
68
54
59
55
55
53
53
54
56
54
52
58
59
52
52
60
60
60
57
54
54
53
53
52
51
52
52
59
57
53
62
59
62
59
62
60
62
56
57
59
60
53
57
59
58
60
58
56
65
59
56
63
66
67
61
61
65
67
55
66
57
62
52
58
58
51
56
59
59
57
58
58
59
54
53
61
63
53
54
63
63
58
55
61
59
54
59
65
57
65
55
69
58
77
55
58
64
60
53
58
59
56
54
62
60
62
53
72
59
71
54
58
55
54
58
59
57
54
52
63
56
57
52
62
63
54
57
68
62
56
58
57
56
57
56
59
61
61
53
52
52
53
55
56
55
57
55
57
55
55
52
56
56
58
58
57
58
59
54
53
54
56
53
52
61
61
59
57
56
55
59
62
54
54
55
56
62
52
55
55
56
54
53
52
59
54
53
54
50
53
263
65
57
57
61
65
60
55
57
58
57
57
52
55
51
52
58
59
53
54
56
55
55
56
54
62
58
62
67
63
68
56
62
64
63
51
66
60
60
52
63
65
58
61
64
69
62
62
66
62
64
54
55
57
59
53
52
61
61
57
61
56
56
57
55
59
58
54
53
60
59
54
55
52
53
52
56
57
55
53
55
52
53
56
52
53
52
53
55
61
59
55
52
54
57
56
57
55
56
56
53
52
53
56
51
57
51
56
51
61
53
59
64
55
54
59
56
55
52
53
51
50
58
52
57
60
64
51
61
61
65
59
58
64
64
54
56
52
58
55
54
