Type,Name,Request Count,Failure Count,Median Response Time,Average Response Time,Min Response Time,Max Response Time,Average Content Size,Requests/s,Failures/s,50%,66%,75%,80%,90%,95%,98%,99%,99.9%,99.99%,100%
GET,/,870,0,2,2.4595237044927307,0.9741999965626746,48.524583005928434,8688.0,29.952183797033015,0.0,2,2,2,2,3,4,8,43,49,49,49
GET,/basket.html,867,0,2,2.659175534084232,0.9946580030373298,49.66852600045968,23020.0,29.848900404629454,0.0,2,2,2,2,3,4,19,43,50,50,50
DELETE,/cart,869,0,3,3.8914660471487497,2.056263998383656,14.384722999238875,0.0,29.917755999565163,0.0,3,4,4,5,6,7,9,10,14,14,14
POST,/cart,867,3,7,8.02036405869067,4.166328995779622,108.30382099811686,0.22145328719723184,29.848900404629454,0.10328339240356212,7,8,9,9,11,13,16,20,110,110,110
GET,/category.html,869,0,2,2.6039625087746106,1.0037760002887808,50.854553999670316,11518.0,29.917755999565163,0.0,2,2,2,2,3,4,8,44,51,51,51
GET,/detail.html?id=a0a4f044-b040-410d-8ead-4de0446aec7e,869,0,1,2.2174799183846567,0.9298570003011264,48.64695500145899,10364.0,29.917755999565163,0.0,1,2,2,2,3,4,6,42,49,49,49
GET,/login,869,0,50,50.22375943845089,44.32369700225536,244.95129400020232,13.0,29.917755999565163,0.0,50,51,51,52,54,55,58,60,240,240,240
POST,/orders,866,0,57,58.87019518593547,49.3954859994119,522.7241429965943,646.3187066974596,29.814472607161598,0.0,57,59,60,61,64,66,70,72,520,520,520
,Aggregated,6946,3,3,16.354232637064804,0.9298570003011264,522.7241429965943,6781.393463864095,239.13548121171416,0.10328339240356212,3,7,46,49,55,59,62,65,83,520,520
