520
523
76
78
73
72
66
71
59
66
63
70
60
61
68
66
62
63
65
64
62
62
71
64
63
59
60
63
59
63
61
60
69
61
62
62
63
56
56
60
60
56
66
59
59
55
57
62
62
56
60
56
57
56
59
57
59
60
57
59
63
64
58
62
66
57
65
61
58
62
65
62
60
66
64
60
62
62
61
67
67
57
55
59
60
58
64
57
57
60
57
62
62
61
59
64
63
59
61
62
67
61
63
64
59
56
61
61
61
61
68
72
63
66
67
68
57
59
72
69
67
58
71
71
62
73
70
64
72
70
60
60
66
64
59
60
55
55
56
59
58
59
55
57
56
60
61
65
56
57
55
61
63
63
54
55
63
55
56
60
63
59
57
60
60
55
54
60
60
60
58
59
62
57
58
58
56
57
58
61
62
63
58
54
55
56
54
59
61
61
58
58
56
58
55
60
55
55
53
59
59
55
57
60
61
61
54
58
64
61
62
67
65
64
68
56
61
61
61
60
55
60
58
59
62
54
56
54
60
62
54
58
61
61
60
56
56
59
59
54
61
60
56
66
72
68
60
63
55
56
63
57
65
60
60
60
60
66
66
56
56
63
56
55
57
65
61
61
56
54
59
59
55
56
62
64
56
56
55
57
60
55
60
56
59
55
61
57
55
55
60
57
59
57
55
55
56
58
64
58
54
56
55
53
57
60
63
54
58
55
57
56
58
55
60
60
60
60
61
62
57
60
66
66
58
58
59
60
54
53
60
61
58
52
55
59
53
58
65
67
58
58
53
59
52
60
59
54
61
52
52
55
56
59
62
54
55
52
55
57
58
57
63
55
65
56
60
57
59
56
57
59
51
55
54
55
54
71
61
57
57
60
60
54
58
56
60
56
54
58
60
58
60
55
61
55
59
59
53
59
55
58
60
52
58
57
52
58
59
55
52
57
56
59
56
60
60
56
58
60
52
56
52
57
51
60
52
52
57
57
54
62
51
55
57
53
58
58
55
59
60
55
55
52
51
51
63
55
58
60
61
60
60
53
58
60
54
58
56
52
56
55
55
55
56
58
52
58
50
60
52
58
58
59
53
57
56
58
56
57
56
54
52
52
61
54
59
53
57
55
57
59
58
54
51
58
57
55
52
52
55
56
51
59
59
55
55
64
52
58
52
57
54
57
54
60
58
52
53
53
52
56
51
53
51
52
61
56
52
56
55
62
58
55
59
56
59
59
54
56
54
62
53
54
54
55
53
53
53
52
54
56
53
51
55
65
65
56
66
53
54
54
54
55
62
62
60
55
54
55
56
57
56
56
52
54
59
59
56
52
61
62
57
52
51
55
52
56
57
56
52
58
56
57
53
57
53
52
54
54
55
56
56
59
57
52
54
54
53
51
58
60
57
64
63
62
52
58
59
60
59
56
67
66
63
52
58
58
58
55
60
61
57
54
64
53
52
55
59
52
57
56
59
59
58
56
58
59
55
53
69
69
58
52
64
65
58
53
62
63
57
55
67
60
58
51
59
61
60
61
54
54
54
68
66
53
54
62
58
55
55
55
52
55
56
62
55
58
51
52
53
56
55
61
57
58
59
55
58
58
51
52
54
58
52
61
62
53
52
55
54
51
52
55
57
62
51
57
59
54
52
56
60
59
52
67
54
55
57
59
58
53
52
61
59
61
61
52
61
51
59
57
51
53
54
52
51
52
52
53
52
53
52
49
53
53
57
50
56
64
62
52
54
56
61
55
57
55
58
52
57
57
58
53
57
56
63
59
62
53
64
56
51
59
58
52
53
52
59
58
55
66
52
53
54
51
53
57
59
52
54
59
56
57
56
57
53
60
59
57
58
52
53
53
53
51
56
56
65
53
52
53
52
52
51
52
57
53
52
56
53
57
56
58
51
55
58
59
55
56
53
52
56
59
54
52
54
55
57
55
52
59
61
52
51
57
60
53
56
59
60
58
57
54
54
52
55
57
60
52
52
57
56
51
58
57
59
51
57
53
54
52
56
54
58
57
57
60
53
56
52
53
55
56
