500
500
81
82
77
69
72
74
72
73
68
64
70
71
67
76
70
66
65
62
61
67
62
58
59
63
63
68
70
60
62
64
64
65
61
60
66
63
66
66
65
61
65
68
69
70
69
62
63
64
67
64
66
63
65
67
69
61
63
67
62
67
66
67
67
69
70
64
59
62
64
65
56
60
59
63
65
62
58
66
65
58
60
62
60
57
61
58
58
62
58
63
64
65
57
61
63
61
59
61
63
54
63
61
58
64
67
59
56
62
61
62
61
60
61
55
60
57
63
65
58
64
60
59
63
58
67
67
61
60
63
60
58
59
63
63
56
54
60
58
58
54
57
65
62
61
61
66
55
58
56
62
52
57
56
58
56
61
54
64
59
57
65
60
63
58
59
53
64
53
59
63
59
60
59
54
63
62
60
57
58
61
62
60
63
68
64
59
66
62
64
60
60
61
61
55
59
61
56
56
65
65
58
55
66
66
56
58
61
63
57
63
55
58
57
56
58
60
59
55
57
59
56
53
54
62
58
58
53
53
54
64
57
59
54
61
62
55
55
59
56
55
55
58
57
60
57
56
58
57
61
56
62
54
62
59
63
65
63
63
63
63
60
58
56
57
55
61
60
57
57
63
65
55
63
67
65
59
57
62
62
55
61
62
63
66
61
61
57
57
58
58
57
57
55
55
56
57
72
58
57
54
67
57
59
56
55
55
58
61
66
61
63
55
58
55
56
54
57
59
59
54
61
63
55
58
57
59
57
52
59
62
56
56
60
56
59
61
59
61
60
67
61
63
56
54
64
66
59
64
61
60
61
60
61
60
54
63
62
60
53
62
61
57
61
58
60
61
62
55
55
55
53
56
57
57
60
60
57
63
53
63
68
69
57
59
60
58
56
58
58
54
56
61
57
63
60
58
57
60
55
55
58
58
59
58
60
63
53
58
58
55
60
53
60
58
54
57
59
54
55
54
65
65
52
56
64
64
65
52
56
57
53
61
60
59
59
60
58
61
56
58
55
57
53
59
62
61
58
56
65
63
54
55
59
58
53
58
61
60
59
59
56
58
59
56
65
67
66
55
60
60
63
55
63
63
61
52
62
62
56
58
57
57
60
60
61
53
62
55
57
60
57
57
64
62
60
67
61
63
65
66
68
68
70
62
73
60
62
64
71
71
64
70
65
65
56
55
65
65
60
55
63
67
63
63
62
64
61
55
60
57
60
55
63
65
65
72
59
58
60
62
57
60
60
60
55
55
54
54
58
59
53
60
59
58
57
56
55
62
53
53
57
53
53
53
61
62
57
50
62
64
51
56
57
58
56
58
54
56
53
54
54
62
57
57
60
59
54
57
54
59
56
58
58
59
54
55
55
59
54
53
55
59
55
58
59
63
57
60
54
55
55
60
58
57
59
52
60
57
52
55
57
72
54
62
59
54
59
60
55
52
51
56
54
59
55
52
55
55
59
51
57
56
58
56
53
56
52
51
52
57
53
56
60
56
56
56
65
68
59
55
61
62
58
57
58
58
54
53
59
61
59
56
56
66
60
58
70
59
60
56
57
58
55
55
61
63
51
55
56
58
54
59
67
65
58
59
68
68
59
59
58
56
59
60
64
69
72
57
61
71
72
56
56
61
56
58
57
54
56
62
52
55
56
61
61
57
57
61
57
57
59
56
59
59
52
56
54
56
56
56
56
57
53
52
53
60
57
51
61
58
58
52
59
59
57
52
61
62
63
56
58
60
56
60
55
54
51
54
59
59
51
52
57
58
56
58
56
65
58
51
52
53
54
52
54
57
52
53
55
57
51
55
56
57
62
56
51
57
55
56
52
55
53
61
55
56
56
63
59
52
51
54
50
53
52
55
57
52
59
58
52
54
55
53
51
53
56
57
57
56
54
51
53
51
52
51
53
53
54
52
53
52
57
60
56
55
54
53
50
56
55
50
58
61
55
55
53
71
58
59
56
59
56
55
57
56
56
57
57
55
60
53
51
57
58
58
