Type,Name,Request Count,Failure Count,Median Response Time,Average Response Time,Min Response Time,Max Response Time,Average Content Size,Requests/s,Failures/s,50%,66%,75%,80%,90%,95%,98%,99%,99.9%,99.99%,100%
GET,/,854,0,2,2.6922150081972616,0.9770739998202771,50.47180199471768,8688.0,29.416478398915903,0.0,2,2,2,2,3,4,13,44,50,50,50
GET,/basket.html,852,0,2,2.614355261686344,1.025505000143312,49.39910300163319,23020.0,29.347587348801348,0.0,2,2,2,2,3,4,7,43,49,49,49
DELETE,/cart,852,0,3,3.974310974093119,2.102628001011908,34.61134499957552,0.0,29.347587348801348,0.0,3,4,4,5,6,7,9,13,35,35,35
POST,/cart,852,2,7,7.939768262828048,4.15387999964878,116.87059399991995,0.15023474178403756,29.347587348801348,0.06889105011455715,7,8,9,9,11,13,17,20,120,120,120
GET,/category.html,852,0,2,3.0253911431123335,0.9957989968825132,47.90349899849389,11518.0,29.347587348801348,0.0,2,2,2,3,4,5,43,45,48,48,48
GET,/detail.html?id=a0a4f044-b040-410d-8ead-4de0446aec7e,852,0,1,2.272841697211701,0.9340329997939989,51.887265995901544,10364.0,29.347587348801348,0.0,1,2,2,2,3,4,6,42,52,52,52
GET,/login,852,0,50,50.73927302569054,45.247080000990536,249.76242599950638,13.0,29.347587348801348,0.0,50,51,52,53,55,55,58,60,250,250,250
POST,/orders,850,0,59,60.16896107533659,50.065955001628026,500.3548940003384,651.444705882353,29.27869629868679,0.0,59,61,62,63,65,68,71,73,500,500,500
,Aggregated,6816,2,3,16.6615243136289,0.9340329997939989,500.3548940003384,6784.182511737089,234.78069879041078,0.06889105011455715,3,6,46,50,56,60,64,67,82,500,500
